id	SV	Normal_GenomeCounts	RMidApicalCA_GenomeCounts	LMidApicalCA_GenomeCounts	RMidBasalCA_GenomeCounts	LMidBasalCA_GenomeCounts	RApexCA_GenomeCounts	LApexCA_GenomeCounts	RSVbaseCA_GenomeCounts	LSVbaseCA_GenomeCounts	RPelvicLNMet1_GenomeCounts	RPelvicLNMet2_GenomeCounts	LPelvicLNMet_GenomeCounts
1	chr1:2344943-chr1:2345135	0	0.0	0.025	0.056818181818181816	0.0	0.0	0.0136986301369863	0.01098901098901099	0.011904761904761904	0.0136986301369863	0.0	0.011627906976744186
2	chr1:7546345-chr1:7546677	0	0.3492063492063492	0.0	0.01818181818181818	0.0	0.3	0.0	0.0	0.0	0.0	0.0	0.0
3	chr1:10640115-chr1:10640511	0	0.0	0.017241379310344827	0.0	0.0	0.0	0.3373493975903614	0.0	0.0	0.0	0.0	0.019801980198019802
4	chr1:11272978-chr1:11273137	0	0.0	0.0	0.031746031746031744	0.05263157894736842	0.020833333333333332	0.02127659574468085	0.038461538461538464	0.0	0.02631578947368421	0.0	0.0
5	chr1:14556124-chr1:17033999	0	0.0	0.07407407407407407	0.0	0.0	0.0	0.0	0.0	0.0	0.0	0.0	0.0
6	chr5:38462657-chr1:17786528	0	0.18518518518518517	0.0	0.0	0.0	0.0	0.0	0.0	0.0	0.0	0.0	0.0
7	chr1:18604932-chr1:18605046	0	0.0	0.041666666666666664	0.0	0.0	0.0	0.034482758620689655	0.06666666666666667	0.06060606060606061	0.0	0.0	0.0425531914893617
8	chr1:31736182-chr22:37623098	0	0.0	0.0	0.0	0.0	0.0	0.0	0.06666666666666667	0.0	0.3	0.40625	0.0
9	chr1:33405167-chr1:33405702	0	0.0	0.0	0.0	0.0	0.0	0.0	0.34	0.0	0.0	0.0	0.0
10	chr1:36256513-chr19:41856896	0	0.0	0.0	0.03225806451612903	0.06451612903225806	0.05128205128205128	0.038461538461538464	0.029411764705882353	0.13157894736842105	0.09375	0.029411764705882353	0.06896551724137931
11	chr1:45365661-chr1:45365794	0	0.0	0.0	0.016666666666666666	0.07692307692307693	0.015384615384615385	0.022222222222222223	0.01694915254237288	0.0	0.0	0.0	0.0
12	chr1:46208671-chr1:46201490	0	0.4722222222222222	0.2	0.2619047619047619	0.3076923076923077	0.43902439024390244	0.5897435897435898	0.4	0.29545454545454547	0.35	0.2857142857142857	0.13513513513513514
13	chr1:52085921-chr9:34980061	0	0.0	0.0	0.0	0.1590909090909091	0.0	0.0	0.0	0.4523809523809524	0.0	0.0	0.2765957446808511
14	chr1:52869822-chr14:77416871	0	0.017241379310344827	0.02631578947368421	0.034482758620689655	0.03333333333333333	0.0	0.0	0.06451612903225806	0.0	0.024390243902439025	0.0	0.03333333333333333
15	chr1:53184958-chr1:111419799	0	0.0	0.0	0.0	0.3125	0.0	0.0	0.0	0.48148148148148145	0.0	0.0	0.4827586206896552
16	chr1:59195897-chr16:55232029	0	0.0	0.0	0.0	0.0	0.3125	0.0	0.0	0.0	0.0	0.0	0.0
17	chr1:59195901-chr1:59197320	0	0.0	0.0	0.0	0.0	0.1076923076923077	0.0	0.0	0.0	0.0	0.0	0.0
18	chr1:59584936-chr1:59592918	0	0.0	0.0	0.0	0.0	0.0	0.0	0.0	0.11290322580645161	0.0	0.0	0.0
19	chr1:84214504-chr1:84214913	0	0.014084507042253521	0.0196078431372549	0.18518518518518517	0.19148936170212766	0.0	0.0	0.391304347826087	0.2978723404255319	0.39622641509433965	0.21568627450980393	0.22
20	chr1:100560430-chr1:100563706	0	0.0	0.0	0.0	0.0	0.0	0.0	0.0	0.0	0.2	0.3333333333333333	0.0
21	chr1:102479148-chr1:102479405	0	0.0	0.0	0.0	0.022222222222222223	0.0	0.0	0.34	0.0	0.017857142857142856	0.0	0.0
22	chr1:109724779-chr1:109725532	0	0.0	0.0	0.0	0.0	0.0	0.0	0.2923076923076923	0.0	0.0	0.0	0.0
23	chr1:111470975-chr1:114782063	0	0.0	0.0	0.0	0.045454545454545456	0.0	0.0	0.0	0.2962962962962963	0.0	0.0	0.391304347826087
24	chr9:34927549-chr1:113656357	0	0.0	0.0	0.0	0.11764705882352941	0.0	0.0	0.0	0.3793103448275862	0.0	0.0	0.18421052631578946
25	chr1:114360604-chr9:35866616	0	0.0	0.0	0.0	0.20588235294117646	0.0	0.0	0.0	0.5517241379310345	0.0	0.0	0.1935483870967742
26	chr1:145435859-chr17:81318936	0	0.0	0.0	0.0	0.0	0.0	0.3	0.0	0.0	0.0	0.0	0.0
27	chr17:81318923-chr1:145436058	0	0.0	0.0	0.0	0.0	0.0	0.23404255319148937	0.0	0.0	0.0	0.0	0.0
28	chr1:148295057-chr1:148295194	0	0.0	0.016666666666666666	0.030303030303030304	0.08064516129032258	0.021739130434782608	0.0	0.04838709677419355	0.0625	0.019230769230769232	0.0	0.05555555555555555
29	chr1:154986172-chr1:154986337	0	0.013333333333333334	0.06896551724137931	0.008547008547008548	0.0	0.011627906976744186	0.0	0.015873015873015872	0.023809523809523808	0.03125	0.015384615384615385	0.011363636363636364
30	chr1:164904399-chr1:164904763	0	0.0	0.0	0.0	0.0	0.0	0.0	0.0	0.0	0.0	0.18666666666666668	0.0
31	chr1:193280106-chr1:193280266	0	0.0	0.0	0.0	0.058823529411764705	0.0	0.0	0.02127659574468085	0.04225352112676056	0.0	0.012195121951219513	0.013157894736842105
32	chr1:197993667-chr1:197993626	0	0.26666666666666666	0.46153846153846156	0.21428571428571427	0.35714285714285715	0.47368421052631576	0.25	0.42857142857142855	0.23076923076923078	0.4117647058823529	0.3684210526315789	0.3333333333333333
33	chr1:210224339-chr1:210224876	0	0.0	0.0	0.0	0.0	0.0	0.0	0.0	0.10810810810810811	0.0	0.0	0.0
34	chr1:224337548-chr1:224339883	0	0.0	0.15384615384615385	0.0	0.0	0.0	0.0	0.0	0.0	0.0	0.0	0.0
35	chr2:4451139-chr1:225652497	0	0.0	0.0	0.09375	0.0	0.0	0.0	0.057692307692307696	0.0	0.28888888888888886	0.2833333333333333	0.0
36	chr1:236142137-chr1:236142294	0	0.0	0.0	0.03333333333333333	0.0	0.0	0.0	0.03636363636363636	0.029411764705882353	0.0	0.02	0.058823529411764705
37	chr1:241614856-chr1:241614678	0	0.041666666666666664	0.04	0.018018018018018018	0.038461538461538464	0.0380952380952381	0.06086956521739131	0.07317073170731707	0.047619047619047616	0.02586206896551724	0.06666666666666667	0.05
38	chr1:242131587-chr1:242132866	0	0.0	0.016129032258064516	0.0	0.0	0.0	0.3448275862068966	0.0	0.0	0.0	0.0	0.0
39	chr1:245199005-chr1:245198947	0	0.10144927536231885	0.10416666666666667	0.16393442622950818	0.1016949152542373	0.2222222222222222	0.12195121951219512	0.14285714285714285	0.13333333333333333	0.10144927536231885	0.171875	0.13725490196078433
40	chr1:246328146-chr1:246328323	0	0.0	0.0	0.0	0.0	0.0	0.0	0.0	0.0759493670886076	0.0	0.0	0.0
41	chr2:1620624-chr2:198084321	0	0.0	0.0	0.0	0.0	0.0	0.0	0.0	0.0	0.0	0.5844155844155844	0.0
42	chr2:1621233-chr2:1621934	0	0.0	0.0	0.0	0.0	0.0	0.0	0.0	0.0	0.0	0.15976331360946747	0.0
43	chr2:10945762-chr2:10949729	0	0.0	0.0	0.0	0.0	0.0	0.0	0.0	0.11764705882352941	0.0	0.0	0.0
44	chr2:17792793-chr4:53143970	0	0.0	0.0	0.0	0.0	0.0	0.0	0.08	0.0	0.3939393939393939	0.5	0.0
45	chr2:17792803-chr4:53144772	0	0.0	0.0	0.0	0.0	0.0	0.0	0.043478260869565216	0.0	0.1	0.3333333333333333	0.0
46	chr7:85288134-chr2:24258686	0	0.023809523809523808	0.5714285714285714	0.0	0.0	0.0	0.0	0.0	0.0	0.0	0.0	0.0
47	chr2:24261064-chr7:85287387	0	0.030303030303030304	0.2413793103448276	0.0	0.0	0.0	0.0	0.0	0.0	0.0	0.0	0.0
48	chr2:30918654-chr2:30918874	0	0.0	0.025	0.01694915254237288	0.022222222222222223	0.02702702702702703	0.0	0.046875	0.0	0.058823529411764705	0.012658227848101266	0.014492753623188406
49	chr2:32208426-chr2:32208544	0	0.0	0.013888888888888888	0.03278688524590164	0.07142857142857142	0.013157894736842105	0.01694915254237288	0.016666666666666666	0.043478260869565216	0.0	0.03125	0.0
50	chr2:32300205-chr2:32300343	0	0.009174311926605505	0.015873015873015872	0.016129032258064516	0.05660377358490566	0.04225352112676056	0.023255813953488372	0.015873015873015872	0.046875	0.01282051282051282	0.00980392156862745	0.012195121951219513
51	chr2:40702299-chr2:40702615	0	0.2391304347826087	0.1875	0.02631578947368421	0.0	0.2647058823529412	0.37209302325581395	0.0	0.0	0.0	0.0	0.0
52	chr2:50286000-chr2:50287109	0	0.0	0.0	0.0	0.0	0.125	0.0	0.0	0.0	0.0	0.0	0.0
53	chr2:69063199-chr13:81138274	0	0.3103448275862069	0.0	0.0	0.0	0.5714285714285714	0.0	0.0	0.0	0.0	0.0	0.0
54	chr2:71766780-chr2:71767508	0	0.0	0.0	0.0	0.0	0.0	0.0	0.24	0.0	0.04838709677419355	0.0	0.0
55	chr2:79893203-chr2:79893611	0	0.2553191489361702	0.047619047619047616	0.16	0.24390243902439024	0.3170731707317073	0.25925925925925924	0.3673469387755102	0.2857142857142857	0.2692307692307692	0.33962264150943394	0.16981132075471697
56	chr2:88467387-chr2:88467487	0	0.014285714285714285	0.05357142857142857	0.0	0.017857142857142856	0.02702702702702703	0.0	0.022222222222222223	0.043478260869565216	0.02040816326530612	0.0	0.02127659574468085
57	chr2:102628984-chr15:66247506	0	0.03333333333333333	0.0	0.0	0.0	0.2972972972972973	0.0	0.0	0.0	0.0	0.0	0.0
58	chr15:66248472-chr2:102628987	0	0.03333333333333333	0.0	0.0	0.0	0.4166666666666667	0.0	0.0	0.0	0.0	0.0	0.0
59	chr2:105175218-chr2:105240935	0	0.17647058823529413	0.0	0.0	0.0	0.0	0.0	0.0	0.0	0.0	0.0	0.0
60	chr2:109263320-chr2:109268092	0	0.0	0.0	0.0	0.0	0.06666666666666667	0.0	0.0	0.0	0.0	0.0	0.0
61	chr2:115854861-chr2:115855178	0	0.0	0.0	0.0	0.0	0.0	0.0	0.44642857142857145	0.0	0.034482758620689655	0.0	0.0
62	chr2:125013432-chr8:117667362	0	0.10869565217391304	0.22580645161290322	0.2	0.038461538461538464	0.09523809523809523	0.05263157894736842	0.2	0.07142857142857142	0.07692307692307693	0.14814814814814814	0.18181818181818182
63	chr2:135187081-chr8:32758004	0	0.0	0.0	0.0	0.0	0.0	0.0	0.0	0.0	0.45161290322580644	0.0	0.0
64	chr2:150670151-chr2:150671302	0	0.0	0.0	0.0	0.0	0.0	0.0	0.0	0.0	0.0	0.0	0.0847457627118644
65	chr2:158782209-chr2:158782582	0	0.05714285714285714	0.0	0.0	0.0	0.0	0.0	0.0	0.0	0.0	0.0	0.0
66	chr2:169558381-chr2:169558538	0	0.0	0.05660377358490566	0.012658227848101266	0.015625	0.0	0.0	0.0	0.016666666666666666	0.03571428571428571	0.0	0.0
67	chr2:175044302-chr2:175045133	0	0.0	0.0	0.0	0.0	0.0	0.0	0.0	0.0	0.0	0.0	0.1111111111111111
68	chr2:179033333-chr2:179044154	0	0.0	0.0	0.0	0.0	0.0	0.0	0.0	0.0	0.0	0.38181818181818183	0.0
69	chr2:197866107-chr2:197866160	0	0.12	0.2727272727272727	0.15	0.15384615384615385	0.1875	0.05555555555555555	0.16666666666666666	0.07692307692307693	0.4444444444444444	0.11764705882352941	0.14285714285714285
70	chr2:215022141-chr2:215022536	0	0.0	0.175	0.0	0.0	0.0	0.0	0.0	0.0	0.0	0.0	0.0
71	chr2:217283643-chr2:217284465	0	0.0	0.0	0.0	0.0	0.0	0.27586206896551724	0.0	0.0	0.0	0.0	0.012345679012345678
72	chr2:227640171-chr6:9383967	0	0.0	0.0	0.2	0.0	0.0	0.0	0.10344827586206896	0.0	0.45	0.52	0.0
73	chr2:240510148-chr2:240510315	0	0.05714285714285714	0.029411764705882353	0.0	0.0	0.03225806451612903	0.0	0.03125	0.0	0.0	0.03125	0.0
74	chr3:12548361-chr3:12548525	0	0.015151515151515152	0.0625	0.012195121951219513	0.02702702702702703	0.0	0.0	0.024691358024691357	0.0	0.012048192771084338	0.0	0.015384615384615385
75	chr3:12651921-chr3:12652100	0	0.0	0.0	0.017857142857142856	0.0	0.0	0.0196078431372549	0.05084745762711865	0.0	0.02127659574468085	0.0	0.017241379310344827
76	chr3:13071756-chr3:13071818	0	0.01639344262295082	0.021739130434782608	0.01694915254237288	0.03389830508474576	0.037037037037037035	0.06382978723404255	0.015625	0.023809523809523808	0.01694915254237288	0.0	0.01818181818181818
77	chr3:26424014-chr3:26424348	0	0.0	0.0	0.0	0.0	0.0	0.0	0.22857142857142856	0.0	0.03125	0.015873015873015872	0.0
78	chr3:26424112-chr3:181097072	0	0.0	0.0	0.06666666666666667	0.0	0.0	0.0	0.5428571428571428	0.0	0.11764705882352941	0.0	0.0
79	chr3:181097047-chr3:26424350	0	0.0	0.0	0.037037037037037035	0.0	0.0	0.0	0.3142857142857143	0.0	0.06666666666666667	0.0	0.0
80	chr3:36044184-chr3:36044058	0	0.18181818181818182	0.0	0.0	0.09090909090909091	0.14285714285714285	0.09090909090909091	0.0	0.05555555555555555	0.034482758620689655	0.06451612903225806	0.0
81	chr3:36962022-chr3:36962123	0	0.0	0.030303030303030304	0.0	0.0	0.022727272727272728	0.027777777777777776	0.0	0.0	0.05405405405405406	0.017543859649122806	0.0
82	chr3:39171204-chr3:39181157	0	0.0	0.0	0.0	0.13513513513513514	0.0	0.0	0.0	0.5853658536585366	0.0	0.0	0.25925925925925924
83	chr3:49336187-chr3:49336209	0	0.028985507246376812	0.022727272727272728	0.01818181818181818	0.037037037037037035	0.0392156862745098	0.0	0.0	0.047619047619047616	0.05263157894736842	0.0	0.0
84	chr3:49971390-chr3:49971590	0	0.02631578947368421	0.02040816326530612	0.034482758620689655	0.06060606060606061	0.017857142857142856	0.02564102564102564	0.046511627906976744	0.0	0.0	0.08	0.0
85	chr3:50883434-chr3:50884135	0	0.0	0.0	0.0	0.0	0.0	0.0	0.0	0.0	0.2	0.0	0.0
86	chr9:119290833-chr3:55842010	0	0.017241379310344827	0.2564102564102564	0.0	0.0	0.0	0.0	0.0	0.0	0.0	0.0	0.0
87	chr3:55842131-chr9:119290405	0	0.06976744186046512	0.22727272727272727	0.0	0.03125	0.0	0.0	0.0	0.0	0.0	0.0	0.0
88	chr3:55851029-chr3:55942778	0	0.0	0.05263157894736842	0.0	0.0	0.0	0.5454545454545454	0.0	0.0	0.0	0.0	0.06896551724137931
89	chr3:58652452-chr3:58652583	0	0.0	0.024390243902439025	0.0	0.0	0.015384615384615385	0.06557377049180328	0.03225806451612903	0.0	0.029850746268656716	0.04	0.06779661016949153
90	chr6:3158402-chr3:64317351	0	0.0	0.0	0.05555555555555555	0.0	0.0	0.0	0.0	0.0	0.0	0.0	0.0
91	chr3:76925187-chr3:76934698	0	0.0	0.0	0.02702702702702703	0.0	0.0	0.0	0.46153846153846156	0.038461538461538464	0.06896551724137931	0.030303030303030304	0.0
92	chr3:87633947-chr3:87634059	0	0.075	0.041666666666666664	0.06896551724137931	0.03571428571428571	0.1111111111111111	0.02702702702702703	0.14285714285714285	0.0967741935483871	0.125	0.02702702702702703	0.08823529411764706
93	chr3:96210350-chr4:185460993	0	0.0	0.125	0.06896551724137931	0.034482758620689655	0.0	0.10344827586206896	0.02857142857142857	0.038461538461538464	0.023809523809523808	0.05128205128205128	0.0
94	chr3:107894044-chr3:107894347	0	0.0	0.0	0.0	0.0	0.0	0.0	0.0	0.0	0.0	0.1	0.0
95	chr3:121181094-chr3:121181280	0	0.0	0.018867924528301886	0.04918032786885246	0.023809523809523808	0.045454545454545456	0.03571428571428571	0.05	0.0	0.06	0.05357142857142857	0.043478260869565216
96	chr18:43405295-chr3:125211937	0	0.0	0.2692307692307692	0.0	0.0	0.0	0.0	0.0	0.0	0.0	0.0	0.0
97	chr3:140586710-chr3:140596261	0	0.0	0.0	0.0	0.0	0.0	0.0	0.24615384615384617	0.0	0.0	0.0	0.0
98	chr3:144000999-chr3:144113012	0	0.0	0.0	0.0	0.0	0.0	0.0	0.41379310344827586	0.0	0.0	0.0	0.0
99	chr3:145287233-chr3:145288212	0	0.2549019607843137	0.034482758620689655	0.034482758620689655	0.0	0.39215686274509803	0.0	0.0	0.0	0.0	0.0	0.0
100	chr3:152694329-chr3:152694645	0	0.0	0.0	0.0	0.09090909090909091	0.0	0.0625	0.0	0.0	0.06666666666666667	0.0	0.0